
Meaning of the log file colums is as follows:
Row Number | Groupby | View Size | Measure Sums | Number of Chunks

       1 11111 |             1000 |              15840662 |     0
       2 10111 |             1000 |              14978538 |     0
       3 11110 |              994 |              15284685 |     0
       4 11101 |             1000 |              15237570 |     0
       5 01111 |              992 |              14909625 |     0
       6 11011 |             1000 |              15261416 |     0
       7 10011 |             1000 |              15369873 |     0
       8 11001 |              998 |              15492174 |     0
       9 01110 |              984 |              14907536 |     0
      10 10110 |             1000 |              15067604 |     0
      11 00111 |              983 |              14874702 |     0
      12 01101 |              987 |              14419703 |     0
      13 10101 |             1000 |              15067604 |     0
      14 11010 |              998 |              15193309 |     0
      15 01011 |              991 |              15071884 |     0
      16 11100 |              988 |              15643464 |     0
      17 00011 |              949 |              14723139 |     0
      18 01001 |              951 |              14281214 |     0
      19 10010 |              788 |              12031157 |     0
      20 01100 |              942 |              14917964 |     0
      21 00101 |              953 |              14152812 |     0
      22 00110 |              961 |              14849964 |     0
      23 01010 |              930 |              14414943 |     0
      24 11000 |              950 |              14438257 |     0
      25 10001 |              940 |              13900548 |     0
      26 10100 |              961 |              14803419 |     0
      27 10000 |              473 |               7270339 |     0
      28 01000 |              595 |               9556572 |     0
      29 00010 |              589 |               9131323 |     0
      30 00001 |              562 |               8513499 |     0
      31 00100 |              527 |               7665795 |     0A view size is wrong: genSz=420 calcSz=473
